NNOE NGLN NNOS NEL NFORC NRESTR ESC
2,    3,   7,   8,    2,    3,    1000
COORDENADAS GEOMETRICAS
 0, 5
 0, 4
 0, 0
-1, 5
 1, 5
-2, 5
 2, 5
CONECTIVIDADE
NO 1, NO 2, (E), (A), (I), (h)
1,4, 210e9, 5.5E-3, 1.6638E-5, 0.1357
1,5, 210e9, 5.5E-3, 1.6638E-5, 0.1357
1,2, 210e9, 5.5E-3, 1.6638E-5, 0.1357
2,4, 210e9, 5.5E-3, 1.6638E-5, 0.1357
2,5, 210e9, 5.5E-3, 1.6638E-5, 0.1357
2,3, 210e9, 5.5E-3, 1.6638E-5, 0.1357
4,6, 210e9, 5.5E-3, 1.6638E-5, 0.1357
5,7, 210e9, 5.5E-3, 1.6638E-5, 0.1357
FORCAS
6, 1, -5000
7, 1, -5000
RESTRICOES
3, 0
3, 1
3, 2

